crossing time (s)	slope (V/s)	crossing number
281474976710655.000000	6.203588	2807	0.000000
281474976710655.000000	6.591470	2808	5435446784.000000
281474976710655.000000	6.451942	2809	5436494336.000000
281474976710655.000000	6.215555	2810	5437532160.000000
281474976710655.000000	6.211168	2811	5438579200.000000
281474976710655.000000	6.478802	2812	5439620096.000000
281474976710655.000000	6.865954	2813	5440664576.000000
281474976710655.000000	6.637808	2814	5441703424.000000
281474976710655.000000	6.721486	2815	5442748928.000000
281474976710655.000000	6.562200	2816	5443792384.000000
281474976710655.000000	6.598915	2817	5444836864.000000
281474976710655.000000	6.875713	2818	5445875200.000000
281474976710655.000000	7.207832	2819	5446921216.000000
281474976710655.000000	6.943208	2820	5447962112.000000
281474976710655.000000	6.866083	2821	5449006592.000000
281474976710655.000000	6.790465	2822	5450046976.000000
281474976710655.000000	7.134123	2823	5451091456.000000
281474976710655.000000	7.300862	2824	5452132864.000000
281474976710655.000000	7.208597	2825	5453175808.000000
281474976710655.000000	7.229468	2826	5454218752.000000
281474976710655.000000	7.453756	2827	5455261696.000000
281474976710655.000000	7.339541	2828	5456304640.000000
281474976710655.000000	7.511055	2829	5457342976.000000
281474976710655.000000	7.181201	2830	5458389504.000000
281474976710655.000000	7.257984	2831	5459429888.000000
281474976710655.000000	7.397372	2832	5460474368.000000
281474976710655.000000	7.635068	2833	5461514240.000000
281474976710655.000000	7.476888	2834	5462558720.000000
281474976710655.000000	7.693764	2835	5463600640.000000
281474976710655.000000	7.685059	2836	5464642560.000000
281474976710655.000000	7.920995	2837	5465686528.000000
281474976710655.000000	7.700782	2838	5466726912.000000
281474976710655.000000	7.717138	2839	5467770880.000000
281474976710655.000000	7.764469	2840	5468811776.000000
281474976710655.000000	8.069924	2841	5469855744.000000
281474976710655.000000	7.826127	2842	5470899200.000000
281474976710655.000000	8.044720	2843	5471938560.000000
281474976710655.000000	7.775836	2844	5472983552.000000
281474976710655.000000	8.117113	2845	5474023424.000000
281474976710655.000000	8.172746	2846	5475068928.000000
281474976710655.000000	8.190496	2847	5476107264.000000
281474976710655.000000	7.900887	2848	5477154304.000000
281474976710655.000000	8.112383	2849	5478193664.000000
281474976710655.000000	8.127441	2850	5479236096.000000
281474976710655.000000	8.336933	2851	5480278016.000000
281474976710655.000000	8.186719	2852	5481323008.000000
281474976710655.000000	8.234935	2853	5482363904.000000
281474976710655.000000	8.207496	2854	5483404800.000000
281474976710655.000000	8.334006	2855	5484449280.000000
281474976710655.000000	8.234960	2856	5485490688.000000
281474976710655.000000	8.558534	2857	5486532096.000000
281474976710655.000000	8.409974	2858	5487575040.000000
281474976710655.000000	8.577229	2859	5488617472.000000
281474976710655.000000	8.492062	2860	5489659904.000000
281474976710655.000000	8.617893	2861	5490701312.000000
281474976710655.000000	8.523394	2862	5491745792.000000
281474976710655.000000	8.715985	2863	5492784640.000000
281474976710655.000000	8.627397	2864	5493830656.000000
281474976710655.000000	8.586431	2865	5494868992.000000
281474976710655.000000	8.574507	2866	5495913984.000000
281474976710655.000000	8.875562	2867	5496952832.000000
281474976710655.000000	8.743781	2868	5497998336.000000
281474976710655.000000	8.836213	2869	5499038720.000000
281474976710655.000000	8.817265	2870	5500082688.000000
281474976710655.000000	8.785616	2871	5501123584.000000
281474976710655.000000	8.810664	2872	5502164992.000000
281474976710655.000000	9.108939	2873	5503207936.000000
281474976710655.000000	8.931997	2874	5504248832.000000
281474976710655.000000	9.034720	2875	5505293824.000000
281474976710655.000000	8.763174	2876	5506334208.000000
281474976710655.000000	9.064860	2877	5507377664.000000
281474976710655.000000	8.948024	2878	5508418560.000000
281474976710655.000000	9.183376	2879	5509458944.000000
281474976710655.000000	8.968619	2880	5510503424.000000
281474976710655.000000	9.294484	2881	5511542784.000000
281474976710655.000000	9.080509	2882	5512588288.000000
281474976710655.000000	9.083055	2883	5513626624.000000
281474976710655.000000	8.984900	2884	5514673664.000000
281474976710655.000000	9.325479	2885	5515710464.000000
281474976710655.000000	9.173208	2886	5516756992.000000
281474976710655.000000	9.323298	2887	5517796352.000000
281474976710655.000000	9.060096	2888	5518841344.000000
281474976710655.000000	9.301457	2889	5519881216.000000
281474976710655.000000	9.219241	2890	5520924672.000000
281474976710655.000000	9.391170	2891	5521966080.000000
281474976710655.000000	9.302849	2892	5523008512.000000
281474976710655.000000	9.532513	2893	5524049920.000000
281474976710655.000000	9.332603	2894	5525091840.000000
281474976710655.000000	9.656783	2895	5526133760.000000
281474976710655.000000	9.387850	2896	5527175680.000000
281474976710655.000000	9.530950	2897	5528219136.000000
281474976710655.000000	9.504599	2898	5529260032.000000
281474976710655.000000	9.675632	2899	5530302464.000000
281474976710655.000000	9.472290	2900	5531344384.000000
281474976710655.000000	9.714321	2901	5532386816.000000
281474976710655.000000	9.357376	2902	5533428736.000000
281474976710655.000000	9.607424	2903	5534469632.000000
281474976710655.000000	9.692628	2904	5535513088.000000
281474976710655.000000	9.774788	2905	5536553472.000000
281474976710655.000000	9.569474	2906	5537598464.000000
281474976710655.000000	9.856758	2907	5538636800.000000
281474976710655.000000	9.577763	2908	5539681792.000000
281474976710655.000000	9.637646	2909	5540720128.000000
281474976710655.000000	9.594398	2910	5541766656.000000
281474976710655.000000	9.935307	2911	5542804480.000000
281474976710655.000000	9.695724	2912	5543848960.000000
281474976710655.000000	10.038484	2913	5544889856.000000
281474976710655.000000	9.768523	2914	5545932800.000000
281474976710655.000000	10.011621	2915	5546975232.000000
281474976710655.000000	9.849726	2916	5548016128.000000
281474976710655.000000	10.107791	2917	5549059072.000000
281474976710655.000000	9.619221	2918	5550099968.000000
281474976710655.000000	10.172624	2919	5551142912.000000
281474976710655.000000	9.885122	2920	5552183296.000000
281474976710655.000000	10.015514	2921	5553226752.000000
281474976710655.000000	9.842851	2922	5554268672.000000
281474976710655.000000	10.286263	2923	5555310592.000000
281474976710655.000000	9.857265	2924	5556353024.000000
281474976710655.000000	10.306235	2925	5557394432.000000
281474976710655.000000	9.915294	2926	5558438400.000000
281474976710655.000000	10.325299	2927	5559476224.000000
281474976710655.000000	9.917260	2928	5560521728.000000
281474976710655.000000	10.117218	2929	5561560576.000000
281474976710655.000000	9.959528	2930	5562606080.000000
281474976710655.000000	10.425369	2931	5563643904.000000
281474976710655.000000	9.908605	2932	5564689920.000000
281474976710655.000000	10.404160	2933	5565728256.000000
281474976710655.000000	9.845560	2934	5566774784.000000
281474976710655.000000	10.316497	2935	5567812096.000000
