crossing time (s)	slope (V/s)	crossing number
281474976710655.000000	6.723589	71929	0.000000
281474976710655.000000	7.042467	71930	91075076096.000000
281474976710655.000000	6.899660	71931	91076116480.000000
281474976710655.000000	6.777960	71932	91077156864.000000
281474976710655.000000	6.774768	71933	91078205440.000000
281474976710655.000000	6.981246	71934	91079237632.000000
281474976710655.000000	6.859048	71935	91080294400.000000
281474976710655.000000	6.795693	71936	91081318400.000000
281474976710655.000000	6.727169	71937	91082383360.000000
281474976710655.000000	6.820084	71938	91083407360.000000
281474976710655.000000	6.958973	71939	91084464128.000000
281474976710655.000000	7.056859	71940	91085488128.000000
281474976710655.000000	6.931134	71941	91086544896.000000
281474976710655.000000	6.990959	71942	91087568896.000000
281474976710655.000000	6.808865	71943	91088625664.000000
281474976710655.000000	6.900975	71944	91089657856.000000
281474976710655.000000	7.090840	71945	91090714624.000000
281474976710655.000000	7.114121	71946	91091746816.000000
281474976710655.000000	6.980166	71947	91092795392.000000
281474976710655.000000	7.124117	71948	91093827584.000000
281474976710655.000000	7.160765	71949	91094876160.000000
281474976710655.000000	7.185397	71950	91095908352.000000
281474976710655.000000	7.097541	71951	91096956928.000000
281474976710655.000000	7.156025	71952	91097997312.000000
281474976710655.000000	7.017275	71953	91099045888.000000
281474976710655.000000	7.203317	71954	91100078080.000000
281474976710655.000000	7.235197	71955	91101126656.000000
281474976710655.000000	7.217936	71956	91102167040.000000
281474976710655.000000	7.038875	71957	91103207424.000000
281474976710655.000000	7.185134	71958	91104247808.000000
281474976710655.000000	7.269371	71959	91105296384.000000
281474976710655.000000	7.211983	71960	91106328576.000000
281474976710655.000000	7.141225	71961	91107377152.000000
281474976710655.000000	7.279736	71962	91108409344.000000
281474976710655.000000	7.249397	71963	91109466112.000000
281474976710655.000000	7.379544	71964	91110498304.000000
281474976710655.000000	7.269828	71965	91111546880.000000
281474976710655.000000	7.406504	71966	91112579072.000000
281474976710655.000000	7.104287	71967	91113635840.000000
281474976710655.000000	7.226882	71968	91114659840.000000
281474976710655.000000	7.383183	71969	91115716608.000000
281474976710655.000000	7.446560	71970	91116740608.000000
281474976710655.000000	7.378996	71971	91117805568.000000
281474976710655.000000	7.357792	71972	91118829568.000000
281474976710655.000000	7.378627	71973	91119886336.000000
281474976710655.000000	7.498859	71974	91120910336.000000
281474976710655.000000	7.256217	71975	91121967104.000000
281474976710655.000000	7.458862	71976	91122999296.000000
281474976710655.000000	7.425869	71977	91124047872.000000
281474976710655.000000	7.385870	71978	91125088256.000000
281474976710655.000000	7.564060	71979	91126128640.000000
281474976710655.000000	7.636808	71980	91127169024.000000
281474976710655.000000	7.517554	71981	91128209408.000000
281474976710655.000000	7.452935	71982	91129249792.000000
281474976710655.000000	7.385309	71983	91130298368.000000
281474976710655.000000	7.589646	71984	91131338752.000000
281474976710655.000000	7.607630	71985	91132379136.000000
281474976710655.000000	7.596589	71986	91133419520.000000
281474976710655.000000	7.526836	71987	91134468096.000000
281474976710655.000000	7.628142	71988	91135500288.000000
281474976710655.000000	7.537324	71989	91136548864.000000
281474976710655.000000	7.713943	71990	91137589248.000000
281474976710655.000000	7.563860	71991	91138629632.000000
281474976710655.000000	7.619472	71992	91139670016.000000
281474976710655.000000	7.724050	71993	91140718592.000000
281474976710655.000000	7.728615	71994	91141750784.000000
281474976710655.000000	7.529860	71995	91142799360.000000
281474976710655.000000	7.683980	71996	91143839744.000000
281474976710655.000000	7.686635	71997	91144880128.000000
281474976710655.000000	7.813674	71998	91145920512.000000
281474976710655.000000	7.574148	71999	91146969088.000000
281474976710655.000000	7.671980	72000	91148001280.000000
281474976710655.000000	7.590136	72001	91149049856.000000
281474976710655.000000	7.708219	72002	91150090240.000000
281474976710655.000000	7.744715	72003	91151138816.000000
281474976710655.000000	7.916059	72004	91152171008.000000
281474976710655.000000	7.758058	72005	91153219584.000000
281474976710655.000000	7.865467	72006	91154251776.000000
281474976710655.000000	7.820467	72007	91155308544.000000
281474976710655.000000	7.862366	72008	91156332544.000000
281474976710655.000000	7.690699	72009	91157389312.000000
281474976710655.000000	7.864738	72010	91158413312.000000
281474976710655.000000	7.681668	72011	91159478272.000000
281474976710655.000000	7.911899	72012	91160502272.000000
281474976710655.000000	7.810249	72013	91161559040.000000
281474976710655.000000	7.994999	72014	91162583040.000000
281474976710655.000000	7.795309	72015	91163639808.000000
281474976710655.000000	7.851729	72016	91164672000.000000
281474976710655.000000	7.877337	72017	91165728768.000000
281474976710655.000000	7.994753	72018	91166752768.000000
281474976710655.000000	7.879550	72019	91167809536.000000
281474976710655.000000	7.991239	72020	91168833536.000000
281474976710655.000000	7.823268	72021	91169890304.000000
281474976710655.000000	7.873545	72022	91170922496.000000
281474976710655.000000	7.898564	72023	91171971072.000000
281474976710655.000000	7.990932	72024	91173003264.000000
281474976710655.000000	7.960027	72025	91174060032.000000
281474976710655.000000	8.067738	72026	91175084032.000000
281474976710655.000000	7.904653	72027	91176140800.000000
281474976710655.000000	7.847197	72028	91177172992.000000
281474976710655.000000	8.023698	72029	91178229760.000000
281474976710655.000000	8.096839	72030	91179253760.000000
281474976710655.000000	8.057498	72031	91180310528.000000
281474976710655.000000	8.092482	72032	91181334528.000000
281474976710655.000000	7.981519	72033	91182391296.000000
281474976710655.000000	7.944365	72034	91183423488.000000
281474976710655.000000	7.862984	72035	91184480256.000000
281474976710655.000000	8.093102	72036	91185504256.000000
281474976710655.000000	8.176996	72037	91186561024.000000
281474976710655.000000	8.190258	72038	91187585024.000000
281474976710655.000000	8.018855	72039	91188641792.000000
281474976710655.000000	8.161852	72040	91189673984.000000
281474976710655.000000	8.150047	72041	91190722560.000000
281474976710655.000000	8.098998	72042	91191754752.000000
281474976710655.000000	8.024686	72043	91192803328.000000
281474976710655.000000	8.142592	72044	91193843712.000000
281474976710655.000000	8.208679	72045	91194892288.000000
281474976710655.000000	8.272856	72046	91195924480.000000
281474976710655.000000	8.223470	72047	91196973056.000000
281474976710655.000000	8.187047	72048	91198013440.000000
281474976710655.000000	8.147472	72049	91199053824.000000
281474976710655.000000	8.149076	72050	91200094208.000000
281474976710655.000000	8.176415	72051	91201142784.000000
281474976710655.000000	8.456079	72052	91202174976.000000
281474976710655.000000	8.196828	72053	91203223552.000000
281474976710655.000000	8.220587	72054	91204263936.000000
281474976710655.000000	8.338188	72055	91205304320.000000
281474976710655.000000	8.207624	72056	91206344704.000000
281474976710655.000000	8.169330	72057	91207393280.000000
281474976710655.000000	8.469296	72058	91208425472.000000
281474976710655.000000	8.194266	72059	91209474048.000000
281474976710655.000000	8.204812	72060	91210514432.000000
