time (s)	energy (uJ)	charge (mC)	voltage (mV)	crossing#mod 255
2893.103194	109.552277	0.035935	3.048596	142
2894.240129	36.473419	0.035936	1.014945	143
2895.119153	153.922699	0.035939	4.282907	144
2896.154513	147.587509	0.035940	4.106466	145
2897.219279	154.468002	0.035934	4.298607	146
2898.262804	142.415878	0.035936	3.963064	147
2899.296896	153.570694	0.035935	4.273527	148
2900.423169	64.382256	0.035935	1.791633	149
2901.548484	15.019679	0.035934	0.417978	150
2902.530391	46.774387	0.035936	1.301590	151
2903.429547	157.590424	0.035934	4.385548	152
2904.517472	151.978638	0.035936	4.229118	153
2905.702389	31.708448	0.035936	0.882364	154
2906.604274	149.302704	0.035934	4.154935	155
2907.657832	152.486923	0.035937	4.243227	156
2908.748067	82.587952	0.035936	2.298189	157
2909.747697	144.417282	0.035935	4.018814	158
2910.769055	164.372726	0.035936	4.574099	159
2911.821718	162.725861	0.035937	4.528044	160
2912.869089	145.727997	0.035935	4.055365	161
2913.897958	175.350174	0.035936	4.879531	162
2914.992748	93.684433	0.035939	2.606760	163
2916.000578	152.292648	0.035936	4.237906	164
2917.032721	158.137268	0.035938	4.400338	165
2918.697213	-331.500305	0.035935	-9.224877	166
2919.311336	-30.274790	0.035940	-0.842370	167
2920.264765	28.849613	0.035936	0.802813	168
2921.205598	149.771561	0.035936	4.167703	169
2922.302548	87.997032	0.035934	2.448872	170
2923.294469	142.739716	0.035934	3.972261	171
2924.330866	166.303146	0.035938	4.627457	172
2925.344294	193.892975	0.035934	5.395844	173
2926.482022	73.144913	0.035935	2.035460	174
2927.466051	143.257629	0.035934	3.986702	175
2928.513923	148.500809	0.035933	4.132720	176
2929.533985	173.112411	0.035935	4.817365	177
2930.639786	88.084785	0.035934	2.451311	178
2931.576322	208.287689	0.035934	5.796432	179
2932.654497	197.361237	0.035935	5.492160	180
2933.770387	60.991882	0.035935	1.697282	181
2934.633403	40.338665	0.035937	1.122484	182
2935.809548	130.403015	0.035937	3.628664	183
2937.287901	-275.758179	0.035938	-7.673079	184
2937.935482	65.806099	0.035940	1.831014	185
2938.993643	61.248848	0.035937	1.704336	186
2939.978512	135.019958	0.035936	3.757207	187
2942.062975	129.654770	0.035935	3.608016	189
2943.102344	152.762848	0.035934	4.251215	190
2944.194676	54.537605	0.035937	1.517573	191
2945.304307	16.995378	0.035937	0.472919	192
2946.232251	129.583618	0.035934	3.606140	193
2947.284459	124.932358	0.035936	3.476534	194
2948.277871	208.512192	0.035936	5.802299	195
2950.434706	75.352936	0.035934	2.097007	197
2951.491610	65.395866	0.035934	1.819888	198
2952.546750	38.329632	0.035933	1.066710	199
2953.816174	-316.220062	0.035935	-8.799817	200
2954.551592	171.470688	0.035940	4.771091	201
2955.543821	216.067734	0.035940	6.011963	202
2956.652726	132.741379	0.035934	3.693986	203
2957.698000	135.949402	0.035935	3.783233	204
2958.743885	115.431236	0.035939	3.211900	205
2959.779612	143.675903	0.035941	3.997586	206
2961.089253	-171.415253	0.035940	-4.769534	207
2961.852638	169.328125	0.035934	4.712179	208
2962.895665	152.406311	0.035937	4.240959	209
2964.006929	48.504940	0.035939	1.349633	210
2964.975410	163.045059	0.035935	4.537228	211
2966.106716	33.173958	0.035937	0.923111	212
2967.065443	148.442398	0.035935	4.130813	213
2968.097065	188.998871	0.035938	5.259085	214
2969.144362	162.160461	0.035933	4.512794	215
2970.163780	222.884048	0.035938	6.201918	216
2971.249509	113.366592	0.035936	3.154653	217
2972.295558	117.312660	0.035937	3.264442	218
2973.307425	176.709076	0.035936	4.917267	219
2974.373602	129.818985	0.035938	3.612315	220
2975.505962	10.452549	0.035936	0.290863	221
2976.463337	118.289230	0.035934	3.291825	222
2977.639961	-10.114209	0.035936	-0.281451	223
2978.517644	189.238022	0.035937	5.265818	224
2979.581144	123.655472	0.035935	3.441059	225
2980.700843	24.180208	0.035939	0.672815	226
2981.661512	130.996521	0.035934	3.645457	227
2983.757014	106.090607	0.035933	2.952416	229
2984.800239	114.102753	0.035938	3.174994	230
2985.836207	113.735275	0.035935	3.164994	231
2986.885684	108.729713	0.035936	3.025670	232
2987.918029	117.771461	0.035934	3.277401	233
2988.953516	144.625931	0.035935	4.024662	234
2990.076315	18.029003	0.035937	0.501680	235
2991.005328	223.099426	0.035939	6.207747	236
2992.125750	52.056828	0.035935	1.448651	237
2993.125514	135.755600	0.035933	3.778067	238
2994.159172	145.864639	0.035933	4.059307	239
2995.212433	129.131622	0.035933	3.593722	240
2996.246259	134.432953	0.035934	3.741138	241
2997.670703	-121.036972	0.035934	-3.368276	242
2998.339178	111.269646	0.035934	3.096458	243
3000.424096	108.802116	0.035936	3.027654	245
3001.721672	-89.156006	0.035934	-2.481080	246
3002.503914	120.568291	0.035933	3.355336	247
3003.600664	45.584751	0.035934	1.268569	248
3004.663924	15.131594	0.035936	0.421070	249
3005.620716	160.058853	0.035933	4.454401	250
3006.758892	-69.417641	0.035934	-1.931826	251
3007.736944	87.229584	0.035933	2.427588	252
3008.762240	101.408501	0.035939	2.821647	253
3009.751821	242.882034	0.035934	6.759139	254
3010.887414	40.690247	0.035937	1.132267	255
3011.950858	28.267653	0.035934	0.786645	0
3013.932352	219.410843	0.035935	6.105829	2
3015.011462	109.234543	0.035937	3.039622	3
3016.072804	83.133156	0.035938	2.313230	4
3017.178973	9.388251	0.035934	0.261261	5
3018.232741	10.928829	0.035935	0.304132	6
3019.148122	200.699219	0.035939	5.584411	7
3020.309901	7.660802	0.035936	0.213177	8
3021.248559	153.379776	0.035936	4.268102	9
3022.299720	133.055511	0.035939	3.702308	10
3023.400852	30.302179	0.035938	0.843174	11
3024.390962	114.583046	0.035939	3.188225	12
3025.491874	17.051567	0.035938	0.474471	13
3026.471524	123.869431	0.035935	3.447009	14
3027.509836	124.700310	0.035939	3.469759	15
